怪物数据库：
红野猪99;108;19;110;32;1;0;60;330;0;0;0;0;0;0;0;0;1200;1;0;2000;640;
黑野猪99;108;19;111;35;1;0;200;330;0;0;0;0;0;0;0;0;1200;1;0;2000;760;
白野猪99;108;19;112;50;1;0;300;330;0;0;0;0;0;0;0;0;1200;1;0;1800;3200;
半兽人99;108;19;100;15;0;0;30;330;0;0;4;9;0;0;15;6;1500;1;0;2500;50;
多钩猫99;108;17;25;13;0;0;22;330;0;0;2;4;0;0;12;5;1500;1;0;2500;34;
牛魔王99;108;72;207;99;1;1;300;330;0;0;0;0;0;0;0;0;1200;1;0;1200;8000;
魔王岭弓箭手;109;45;71;254;0;0;2000;10000;10;10;10;15;0;0;18;15;500;1;0;1200;1;



物品数据库：
865;弩牌;41;0;1;0;0;0;450;1;0;0;0;0;0;0;0;0;0;0;0;0;5000;5;