[350]
[303]
[351]
[350]
[303]
[301]
[302] 在盟重肉店接到指示的人
[304] 处理从盟重黄家肉店接到的指示的人
[305] 接到要寻找厨师的指示的人
[309] 处理沃玛勇士下的指示的人
[310] 接到要寻找神秘老人的指示的人
[312]
[310]
[309]
[305]
[304]
[305] 1
[309] 1
[310] 1
[313] 1
[752] 1
[751] 1
[750] 1
[752] 1
[751] 1
[301] 拒绝请求的人
[302] 接收请求的人
[303] 完全忽略请求的人
[304] 答应请求，并拿来肉块时
[303] 1
[303] 1
[313] 1
[304] 1
[302] 1
[301] 1
[301] 0
[302] 0
[303] 0
[304] 1
[301] 1
[303] 1
[314] 1
[752] 1
[751] 1
[750] 1
[752] 1
[751] 1
[205] 1
[211] 1
[210] 1
[204] 1
[203] 1
[200] 20
[210] 10
[204] 1
命运之书 1
[211] 1
[200] 20
[205] 1
命运之刃
[222] 1
[220] 1
[221] 1
[222] 0
命运之书 1
 [1] 0
[214] 1
[216] 0
[1] 0
[214] 1
[216] 1
[217] 0
[217] 1
[204]
[204] 1
[210] 10
[204] 1
[210] 10
[216] 1

[210] 10





[203] 20
[203] 1
凝霜

[222] 1
命运之书 1
[210] 20
[205] 1
命运之刃
;开始指示时[203]
;执行指示过程中收到彩票就结束时 [204]
;执行指示过程中失败或完成时[205]
;惹恼卫家店时 [210]
;惹恼戒指店老板时[211]
;没有能够调解被惹恼的卫家店心情的金矿时[212]
;调解好被惹恼的卫家店的心情时[213]
;听到去找铁匠铺老板的话时[214]
;给卫家店赊账时[215]
;铁匠铺老板请求给高级武士传话时[216]
;给高级武士说错话时[217]
;承诺打败魔鬼时[218]
;听到有关指示的暗示时 [219]
;打败了魔鬼时 [220]
;打败魔鬼，拿到命运之书时 [221]
;去送命运之书，叫以后再来找时[222]

[205] 1
[203] 1
[202] 1
[201] 1
金矿 1
[201] 50
[201] 1
金矿 3
checkdura 金矿 15
金矿 3
checkdura 金矿 10
金矿 2
[202] 1
[203] 1
[755] 1
[754] 1
[753] 1
[754] 1
[755] 1
青铜剑 1
[754] 1
[755] 1
[754] 1
[753] 1
[754] 1
[755] 1
;[109] 请告诉我刘老头的位置。
;[110] 没有和安家布衣约定
;[111] 抢回给过的金项链
;[112] 与安家布衣亲密(男子时)
;[113] 与安家布衣很亲密
;[114] 开始安家布衣悲伤的故事
check [1] 0
[114] 1
[112] 1
[108] 1
[109] 0
checkitemw  金项链 1
checkitemw  金项链 1
takew  金项链 1
金项链 1
 [109]  1
 [111]  1
 [112] 1
 [109] 1
 [109]  1
 [110]  1
[109] 0
[113] 1
[113] 1
istakeitem 骷髅戒指
[114] 1
;; [307] 进行厨师故事指示
[306] 1
[307] 1
[322] 1
check [1] 0
; [101] 进入有奖活动
; [102]
; [103] 传达药剂师的信件
毒蜘蛛牙齿 5
 毒蜘蛛牙齿 5
 药剂师的信  1
  [103]  1
check [1] 0
 [103]  1
 [104]  0
[108] 1
[109] 0
;[104] 距荤狼祈瘤甫 林菌绰瘤
;[105] 倾狼盔苞 模备窍扁肺 窃
;[106] 侥牢檬凯概甫 茫酒 林扁肺 窃
;[107] 侥牢檬凯概甫 面盒洒 爱促 淋
;[108] 倾狼盔狼 霉锅掳 距阑 罐澜
check [1] 0
[103] 1
[104] 0
[105] 0
 [103]  1
 [104]  1
 [106]  0
 [104]  1
 [106]  1
 [107]  0
 [104]  1
 [106]  1
 [107]  1
 [108]  0
 [105] 1
 药剂师的信  1
 药剂师的信  1
  [104]   1
 [105]    1
强效太阳水 1
 [106] 1
 食人树果实 1
 [107] 1
 [108] 1
许中医的药1 1
[321] 1
[320] 1
[318] 1
[319] 1
[321] 1
鹿茸 1
鹿血 3
食人树果实 5
毒蜘蛛牙齿 5
食人树叶 5
蝎子尾巴 10
蛆卵 10
[759] 1
[758] 1 
[759] 1
[759] 1
[757] 1
[758] 1
[750] 10
金创药(小量) 10
魔法药(小量) 10
;; [306] 进行厨师指示故事
[305] 1
[306] 1
[356] 1
[355] 1
[354] 1
[353] 1
[354] 1
凝霜 1
[355] 1
鹿血 1
[356] 1
[356] 1
[403] 1
[402] 1
[401] 1
[400] 0
[403] 1
[401] 1
[305] 1
[306] 1
[318] 1
[319] 1
[317] 1
[318] 1
[319] 1
[353] 1 
[352] 1
checkitemw 斩马刀 1
[353] 1
;;惹恼卫家店时 [210]
;;惹恼戒指店老板时[211]
[799] 0
[798] 0
[799] 0
[798] 0
[799] 0
[798] 0
equal p9 0
equal p9 1
equal p9 9
mov p9 0
mov p9 1
movr d0 6
inc d0 1
mov p9 9
equal d0 1 
equal d0 2 
equal d0 3 
equal d0 4 
equal d0 5
equal d0 6 
equal p9 0
equal p9 1
equal p9 2
equal p9 9
mov p9 0
mov p9 1
火把 1
mov p9 1
地牢逃脱卷 1
mov p9 1
太阳水 1
mov p9 2
movr d0 6
inc d0 1
mov p9 9
equal d1
equal d2
equal d3
[799] 0
[799] 1
[799] 0
[799] 1
[799] 0
[799] 0
[799] 1
[757] 1
[756] 1
[757] 1




[757] 1

[757] 1
[756] 1
[205] 1
[210] 1
[209] 1
[208] 1
[207] 1
[206] 1
[204] 1
[206] 1
[200] 20
[206] 1
[200] 20
[206] 1
[200] 20
[200] 20
[207] 1 
[208] 1
[200] 20
[209] 1
命运之书 1
[210] 1
祝福油 2
[200] 20
[205] 1
祝福油 2
[200] 20
[205] 1
[200] 20
[209] 1
[757] 1
基本剑术 1
[757] 1
[315] 1
[314] 1
[315] 0
[315] 1
祝福油 1
[315] 0
[315] 1
[315] 0
[315] 1
[315] 0
[315] 1
祝福油 1
[315] 0
[315] 1
[315] 0 
[315] 1
祝福油 1
幽灵手套 1
[315] 0
[315] 1
幽灵手套 1
[317] 1
[315] 1
[205] 1
[316] 
;; [310] 找老人(接到任务的角色)
;; [311] 找鹿血和鹿茸
;; [312] 找到鹿血和鹿茸的人
[312] 1
[311] 1
[351] 1
[310] 1
[311] 1
[311] 1
鹿茸 1
鹿血 1
[312] 1
山洞凭证 1
[352] 1
[317] 1
[317] 1
[317] 1
[317] 1
[757] 1
[756] 1
[757] 1
[757] 0
;; [750] - [770] 鳖瘤绰 檬肪侩 涅胶飘 肯搬 敲饭弊
[756] 1
[755] 1
[753] 1
[752] 1
[750] 1
[756] 1
[753] 1
[750] 20
[750] 1
;;[600]参加活动
;;[601]已经到达猪洞
[601] 1
[600] 1
[600] 0
[601] 1
疗伤药 1
祈福项链 1
[411] 1
[410] 1
[411] 1
[409] 1
[408] 1
赤血魔剑碎块 1
[406] 1
[405] 1
[406] 1
赤血魔剑碎块 1
[409] 1
牢犯匕首 1
;; [308] 坷付侩荤，秦榜捧荤甫 棱绰 涅胶飘 柳青 荤亲
;; [309] 坷付侩荤，秦榜捧荤甫 棱绊 抄 促澜狼 涅胶飘 荤亲
[309] 1
[308] 1
[307] 1
[308] 1
[308] 1
[308] 1
精灵头盔 1
精灵头盔 1
[400] 0
[400] 1
;;[601]到达猪洞
;;[600]参加活动
[600] 1
[601] 1
[601] 0
[600] 1
;;[601]到达猪洞
;;[600]参加活动
[600] 1
[601] 1
[601] 0
[600] 1