;出生点
;边界村（比奇新人村）
;--------------------------------------------------
0	289	618	0	10	0	0	0
;银杏山谷（银杏新人村）
;--------------------------------------------------
0	650	631	0	10	0	0	0





;安全区/复活点
;##################################################
;比奇城
;--------------------------------------------------
0	334	266	0	10	0	0	0
;毒蛇山谷村庄
;--------------------------------------------------
2	503	483	0	10	0	0	0
;白日门
;--------------------------------------------------
11	178	326	0	10	0	0	0
;盟重土城
;--------------------------------------------------
3	330	330	0	10	0	0	0